00111101000111001111111111111110
00000101001000000000000000000000
01011100000000000000000000000000
01010001010000000000000000000100
00111101011111001111111111111010
00000000000010110000000000000000
01001011111000000000000000000000
01000100000000000000000000011001
00111101100111001111111111110110
00000111101111011111111111111100
01000001100111010000000000000000
00111101101111001111111111110011
00111101110111001111111111110010
00111101111111001111111111110001
00011010000011100111100000000000
00111110001111001111111111101111
00010001000100001000100000000000
00001001001011010100000000000000
00000111101111011111111111111100
01000001001111010000000000000000
01001100000000000000000000000010
00000111101111010000000000001000
00000001010000000000000000000000
00000000000010100000000000000000
01001011111000000000000000000000
00111101011111001111111111100101
00000111101111011111111111111100
01000001011111010000000000000000
01001100000000000000000000000001
00000111101111010000000000000100
00111101100111001111111111100000
00000111101111011111111111111100
01000001100111010000000000000000
01001100000000000000000000000001
00000111101111010000000000000100
01101000000000000000000000000000
01000001101111001111111111011010
01101000000000000000000000000000
01000001110111001111111111011000
00111101111111001111111111010111
00000111101111011111111111111100
01000001111111010000000000000000
00111110000111001111111111010100
00000111101111011111111111111100
01000010000111010000000000000000
01001100000000000000000000000010
00000111101111010000000000001000
00000010001000000000000000000000
00000111101111011111111111111100
01000010001111010000000000000000
01101100000000000000000000000000
00111101000111001111111111001011
00000111101111011111111111111100
01000001000111010000000000000000
01001100000000000000000000000001
00000111101111010000000000001000
00111101001111001111111111000110
00000111101111011111111111111100
01000001001111010000000000000000
01001100000000000000000000000001
00000111101111010000000000000100
01101000000000000000000000000000
01000001010111001111111111000000
01101000000000000000000000000000
01000001011111001111111110111110
00111101100111001111111110111101
00000111101111011111111111111100
01000001100111010000000000000000
00111101101111001111111110111010
00000111101111011111111111111100
01000001101111010000000000000000
01001100000000000000000000000010
00000111101111010000000000001000
00000001110000000000000000000000
00000111101111011111111111111100
01000001110111010000000000000000
01101100000000000000000000000000
01100000000000000000000000000000
